<?xml version="1.0" encoding="UTF-8"?>
<kml xmlns="http://www.opengis.net/kml/2.2">
  <Document>
    <name>Directions from START @The Wheelhouse to START @The Wheelhouse</name>
    <Style id="icon-1899-DB4436-nodesc-normal">
      <IconStyle>
        <color>ff3644db</color>
        <scale>1</scale>
        <Icon>
          <href>http://www.gstatic.com/mapspro/images/stock/503-wht-blank_maps.png</href>
        </Icon>
        <hotSpot x="16" xunits="pixels" y="32" yunits="insetPixels"/>
      </IconStyle>
      <LabelStyle>
        <scale>0</scale>
      </LabelStyle>
      <BalloonStyle>
        <text><![CDATA[<h3>$[name]</h3>]]></text>
      </BalloonStyle>
    </Style>
    <Style id="icon-1899-DB4436-nodesc-highlight">
      <IconStyle>
        <color>ff3644db</color>
        <scale>1</scale>
        <Icon>
          <href>http://www.gstatic.com/mapspro/images/stock/503-wht-blank_maps.png</href>
        </Icon>
        <hotSpot x="16" xunits="pixels" y="32" yunits="insetPixels"/>
      </IconStyle>
      <LabelStyle>
        <scale>1</scale>
      </LabelStyle>
      <BalloonStyle>
        <text><![CDATA[<h3>$[name]</h3>]]></text>
      </BalloonStyle>
    </Style>
    <StyleMap id="icon-1899-DB4436-nodesc">
      <Pair>
        <key>normal</key>
        <styleUrl>#icon-1899-DB4436-nodesc-normal</styleUrl>
      </Pair>
      <Pair>
        <key>highlight</key>
        <styleUrl>#icon-1899-DB4436-nodesc-highlight</styleUrl>
      </Pair>
    </StyleMap>
    <Style id="line-1267FF-5000-nodesc-normal">
      <LineStyle>
        <color>ffff6712</color>
        <width>5</width>
      </LineStyle>
      <BalloonStyle>
        <text><![CDATA[<h3>$[name]</h3>]]></text>
      </BalloonStyle>
    </Style>
    <Style id="line-1267FF-5000-nodesc-highlight">
      <LineStyle>
        <color>ffff6712</color>
        <width>7.5</width>
      </LineStyle>
      <BalloonStyle>
        <text><![CDATA[<h3>$[name]</h3>]]></text>
      </BalloonStyle>
    </Style>
    <StyleMap id="line-1267FF-5000-nodesc">
      <Pair>
        <key>normal</key>
        <styleUrl>#line-1267FF-5000-nodesc-normal</styleUrl>
      </Pair>
      <Pair>
        <key>highlight</key>
        <styleUrl>#line-1267FF-5000-nodesc-highlight</styleUrl>
      </Pair>
    </StyleMap>
    <Placemark>
      <name>Directions from START @The Wheelhouse to START @The Wheelhouse</name>
      <styleUrl>#line-1267FF-5000-nodesc</styleUrl>
      <LineString>
        <tessellate>1</tessellate>
        <coordinates>
          -118.2338,34.03886,0
          -118.2338,34.03885,0
          -118.23373,34.03879,0
          -118.23371,34.03875,0
          -118.23371,34.03871,0
          -118.23365,34.03824,0
          -118.23272,34.03825,0
          -118.23297,34.04041,0
          -118.23313,34.0413,0
          -118.23314,34.04148,0
          -118.23274,34.04194,0
          -118.23268,34.04203,0
          -118.23263,34.04219,0
          -118.23263,34.04227,0
          -118.23262,34.04235,0
          -118.23267,34.0448,0
          -118.23265,34.04598,0
          -118.23272,34.04717,0
          -118.23272,34.04816,0
          -118.23271,34.04823,0
          -118.23271,34.04839,0
          -118.23266,34.04864,0
          -118.23265,34.04866,0
          -118.2326,34.04886,0
          -118.23258,34.04889,0
          -118.23255,34.04897,0
          -118.23252,34.04902,0
          -118.2325,34.04904,0
          -118.23246,34.0491,0
          -118.23235,34.0492,0
          -118.23232,34.04922,0
          -118.23227,34.04924,0
          -118.23205,34.04936,0
          -118.23197,34.04946,0
          -118.23191,34.04956,0
          -118.23187,34.04965,0
          -118.23179,34.04999,0
          -118.23171,34.05044,0
          -118.2317,34.05046,0
          -118.23147,34.05177,0
          -118.23144,34.05184,0
          -118.23136,34.05221,0
          -118.23136,34.05225,0
          -118.23135,34.05231,0
          -118.23135,34.05236,0
          -118.23146,34.05294,0
          -118.23146,34.05312,0
          -118.23141,34.05339,0
          -118.23141,34.05341,0
          -118.23138,34.05355,0
          -118.23138,34.05357,0
          -118.23136,34.05368,0
          -118.23134,34.05373,0
          -118.23133,34.05383,0
          -118.23125,34.05413,0
          -118.23125,34.05421,0
          -118.23128,34.05435,0
          -118.23141,34.05452,0
          -118.23147,34.05458,0
          -118.23174,34.05479,0
          -118.23195,34.05493,0
          -118.23197,34.055,0
          -118.23202,34.05505,0
          -118.23214,34.05514,0
          -118.23213,34.05516,0
          -118.23213,34.05519,0
          -118.23214,34.05521,0
          -118.23214,34.05523,0
          -118.23215,34.05525,0
          -118.23218,34.05528,0
          -118.23208,34.05585,0
          -118.23199,34.05625,0
          -118.23184,34.05677,0
          -118.23179,34.05711,0
          -118.23179,34.05736,0
          -118.23197,34.05833,0
          -118.23198,34.05834,0
          -118.23202,34.05846,0
          -118.23208,34.05858,0
          -118.2322,34.05876,0
          -118.23219,34.05878,0
          -118.23219,34.0588,0
          -118.2322,34.05882,0
          -118.2322,34.05884,0
          -118.23224,34.05889,0
          -118.23291,34.05954,0
          -118.23297,34.05961,0
          -118.23393,34.06052,0
          -118.23429,34.06082,0
          -118.23477,34.0611,0
          -118.23459,34.06132,0
          -118.23457,34.06133,0
          -118.23456,34.06134,0
          -118.23454,34.06135,0
          -118.23369,34.06147,0
          -118.23333,34.0615,0
          -118.23311,34.06155,0
          -118.23318,34.06166,0
          -118.23418,34.06279,0
          -118.23571,34.06349,0
          -118.23585,34.06358,0
          -118.23586,34.0636,0
          -118.23624,34.06372,0
          -118.23749,34.06403,0
          -118.23672,34.06554,0
          -118.2364,34.06602,0
          -118.23628,34.06616,0
          -118.23567,34.06704,0
          -118.23559,34.06713,0
          -118.23397,34.06843,0
          -118.23389,34.06847,0
          -118.23018,34.071,0
          -118.22996,34.07112,0
          -118.22983,34.07117,0
          -118.22961,34.07123,0
          -118.22956,34.07125,0
          -118.22928,34.0713,0
          -118.22914,34.07134,0
          -118.22738,34.07172,0
          -118.22729,34.0719,0
          -118.2272,34.07204,0
          -118.22647,34.07296,0
          -118.22639,34.07311,0
          -118.22631,34.07336,0
          -118.22632,34.07359,0
          -118.22635,34.07373,0
          -118.2265,34.07365,0
          -118.22653,34.07362,0
          -118.22667,34.07334,0
          -118.22672,34.07328,0
          -118.22679,34.07322,0
          -118.22706,34.07304,0
          -118.22721,34.07287,0
          -118.22733,34.07267,0
          -118.22742,34.07258,0
          -118.22755,34.07249,0
          -118.22774,34.07239,0
          -118.22809,34.07226,0
          -118.22832,34.07222,0
          -118.22838,34.07222,0
          -118.22851,34.07224,0
          -118.22875,34.07234,0
          -118.22897,34.07247,0
          -118.22927,34.07272,0
          -118.22932,34.07281,0
          -118.22937,34.07288,0
          -118.22937,34.0729,0
          -118.22938,34.07292,0
          -118.22938,34.07294,0
          -118.22939,34.07296,0
          -118.22939,34.07299,0
          -118.22935,34.07315,0
          -118.22933,34.07318,0
          -118.22906,34.07377,0
          -118.22906,34.07382,0
          -118.22908,34.0739,0
          -118.22911,34.07395,0
          -118.22914,34.07402,0
          -118.22929,34.07428,0
          -118.22932,34.07431,0
          -118.22934,34.07434,0
          -118.22939,34.07436,0
          -118.22946,34.07461,0
          -118.2295,34.07467,0
          -118.22955,34.07472,0
          -118.23011,34.07502,0
          -118.23025,34.07513,0
          -118.23043,34.07534,0
          -118.23054,34.07552,0
          -118.23058,34.07563,0
          -118.23077,34.07603,0
          -118.2322,34.07783,0
          -118.23227,34.07796,0
          -118.23233,34.07814,0
          -118.23249,34.07852,0
          -118.23263,34.07872,0
          -118.23282,34.07889,0
          -118.23299,34.07899,0
          -118.23347,34.07923,0
          -118.23354,34.07928,0
          -118.23361,34.07935,0
          -118.23368,34.07947,0
          -118.23371,34.07958,0
          -118.23371,34.07976,0
          -118.2335,34.08059,0
          -118.23333,34.08161,0
          -118.23333,34.08176,0
          -118.23335,34.08183,0
          -118.23337,34.08186,0
          -118.23333,34.08188,0
          -118.23332,34.0819,0
          -118.23331,34.08191,0
          -118.2333,34.08193,0
          -118.23329,34.08198,0
          -118.2333,34.08246,0
          -118.23334,34.08249,0
          -118.23337,34.08253,0
          -118.23339,34.08258,0
          -118.2334,34.08263,0
          -118.2334,34.08272,0
          -118.23338,34.08279,0
          -118.23317,34.08323,0
          -118.23311,34.08339,0
          -118.23308,34.08383,0
          -118.23309,34.08417,0
          -118.23316,34.08436,0
          -118.2332,34.08443,0
          -118.23328,34.08454,0
          -118.23336,34.08461,0
          -118.23346,34.08468,0
          -118.23359,34.08473,0
          -118.23366,34.08474,0
          -118.23375,34.08474,0
          -118.23384,34.08473,0
          -118.23395,34.0847,0
          -118.23406,34.08465,0
          -118.2341,34.08462,0
          -118.23438,34.08429,0
          -118.23452,34.08418,0
          -118.23467,34.08412,0
          -118.23475,34.08411,0
          -118.23481,34.08412,0
          -118.23487,34.08414,0
          -118.23495,34.08418,0
          -118.23502,34.08424,0
          -118.23515,34.08438,0
          -118.23523,34.0845,0
          -118.23531,34.08468,0
          -118.23543,34.08509,0
          -118.23551,34.08547,0
          -118.23554,34.08554,0
          -118.23559,34.08562,0
          -118.23566,34.0857,0
          -118.23572,34.08574,0
          -118.23583,34.08576,0
          -118.23589,34.08578,0
          -118.23593,34.08578,0
          -118.23608,34.0858,0
          -118.23617,34.0858,0
          -118.2368,34.08595,0
          -118.23697,34.08597,0
          -118.23704,34.08597,0
          -118.23729,34.08593,0
          -118.23739,34.0859,0
          -118.23755,34.08587,0
          -118.23781,34.08587,0
          -118.23804,34.08593,0
          -118.23824,34.08602,0
          -118.2387,34.08627,0
          -118.23874,34.0863,0
          -118.23882,34.08633,0
          -118.23887,34.08633,0
          -118.23899,34.08629,0
          -118.2391,34.08618,0
          -118.23939,34.08563,0
          -118.23954,34.08542,0
          -118.23962,34.08535,0
          -118.23971,34.08532,0
          -118.23985,34.08529,0
          -118.23988,34.08515,0
          -118.23988,34.08506,0
          -118.23987,34.08503,0
          -118.23985,34.085,0
          -118.23982,34.08497,0
          -118.23978,34.08495,0
          -118.23976,34.08493,0
          -118.23965,34.08489,0
          -118.23958,34.08485,0
          -118.23954,34.08481,0
          -118.23949,34.08474,0
          -118.23952,34.08468,0
          -118.23954,34.08461,0
          -118.23957,34.08443,0
          -118.2395,34.08336,0
          -118.23948,34.08326,0
          -118.23946,34.08321,0
          -118.2394,34.08312,0
          -118.23935,34.08308,0
          -118.23928,34.08304,0
          -118.23935,34.08308,0
          -118.2394,34.08312,0
          -118.23946,34.08321,0
          -118.23948,34.08326,0
          -118.2395,34.08336,0
          -118.23957,34.08443,0
          -118.23954,34.08461,0
          -118.23952,34.08468,0
          -118.23949,34.08474,0
          -118.23954,34.08481,0
          -118.23958,34.08485,0
          -118.23965,34.08489,0
          -118.23976,34.08493,0
          -118.23978,34.08495,0
          -118.23982,34.08497,0
          -118.23985,34.085,0
          -118.23987,34.08503,0
          -118.23988,34.08506,0
          -118.23988,34.08515,0
          -118.23985,34.08529,0
          -118.23997,34.08534,0
          -118.24018,34.08539,0
          -118.24045,34.08539,0
          -118.24075,34.08534,0
          -118.24099,34.08524,0
          -118.24112,34.08517,0
          -118.24124,34.08509,0
          -118.24139,34.08497,0
          -118.24158,34.08479,0
          -118.24207,34.08448,0
          -118.24228,34.08432,0
          -118.24253,34.08408,0
          -118.24314,34.08359,0
          -118.24329,34.08343,0
          -118.24336,34.08332,0
          -118.2435,34.08304,0
          -118.24365,34.08253,0
          -118.24372,34.08236,0
          -118.24394,34.08194,0
          -118.24406,34.08181,0
          -118.2441,34.08178,0
          -118.24417,34.08175,0
          -118.2445,34.08165,0
          -118.24452,34.08164,0
          -118.24454,34.08164,0
          -118.2448,34.08148,0
          -118.24503,34.0814,0
          -118.24509,34.08139,0
          -118.24515,34.0814,0
          -118.24522,34.08144,0
          -118.24524,34.08146,0
          -118.24526,34.08149,0
          -118.24527,34.08152,0
          -118.24527,34.08155,0
          -118.24524,34.08163,0
          -118.24517,34.0817,0
          -118.245,34.08183,0
          -118.24496,34.08185,0
          -118.24494,34.08188,0
          -118.24492,34.0819,0
          -118.24491,34.08192,0
          -118.24488,34.08204,0
          -118.24488,34.08208,0
          -118.24491,34.08229,0
          -118.24491,34.08235,0
          -118.24489,34.08239,0
          -118.24485,34.08243,0
          -118.24482,34.08245,0
          -118.24466,34.08249,0
          -118.24435,34.08254,0
          -118.24425,34.08259,0
          -118.2442,34.08263,0
          -118.24417,34.08268,0
          -118.24415,34.08275,0
          -118.24417,34.08284,0
          -118.24431,34.08319,0
          -118.24433,34.08331,0
          -118.24432,34.08334,0
          -118.24432,34.08338,0
          -118.2443,34.08342,0
          -118.24412,34.08369,0
          -118.24407,34.08379,0
          -118.24404,34.08392,0
          -118.24404,34.08405,0
          -118.24408,34.0842,0
          -118.24409,34.08427,0
          -118.24407,34.08437,0
          -118.24404,34.0844,0
          -118.24395,34.08446,0
          -118.2438,34.08453,0
          -118.24375,34.08458,0
          -118.24373,34.08461,0
          -118.24371,34.08467,0
          -118.24373,34.08496,0
          -118.24372,34.08506,0
          -118.24369,34.08514,0
          -118.24361,34.08529,0
          -118.24343,34.08548,0
          -118.2433,34.08557,0
          -118.24298,34.08572,0
          -118.24294,34.08576,0
          -118.2429,34.08583,0
          -118.2429,34.0859,0
          -118.24299,34.08601,0
          -118.24302,34.08606,0
          -118.24311,34.08611,0
          -118.24512,34.08434,0
          -118.24538,34.08407,0
          -118.24551,34.08391,0
          -118.24569,34.08365,0
          -118.24751,34.08072,0
          -118.24753,34.08061,0
          -118.24767,34.08065,0
          -118.24807,34.08086,0
          -118.24873,34.07947,0
          -118.24879,34.0793,0
          -118.24889,34.07894,0
          -118.249,34.07833,0
          -118.24901,34.07787,0
          -118.24885,34.07688,0
          -118.24865,34.07595,0
          -118.24859,34.07574,0
          -118.24843,34.07534,0
          -118.24778,34.07394,0
          -118.24773,34.07381,0
          -118.24704,34.07242,0
          -118.25101,34.07249,0
          -118.25076,34.07206,0
          -118.25068,34.07184,0
          -118.2505,34.07057,0
          -118.25048,34.06947,0
          -118.25046,34.06922,0
          -118.2503,34.0685,0
          -118.24931,34.06537,0
          -118.24929,34.06534,0
          -118.24924,34.06522,0
          -118.24909,34.06501,0
          -118.24475,34.06133,0
          -118.24465,34.06126,0
          -118.24391,34.06062,0
          -118.24361,34.06041,0
          -118.24145,34.05922,0
          -118.24115,34.05908,0
          -118.24032,34.05863,0
          -118.24025,34.05852,0
          -118.24009,34.0584,0
          -118.23997,34.05834,0
          -118.23969,34.05825,0
          -118.23958,34.05823,0
          -118.23945,34.05827,0
          -118.23927,34.05825,0
          -118.23786,34.05828,0
          -118.23772,34.05827,0
          -118.2371,34.05812,0
          -118.23332,34.05703,0
          -118.2332,34.05698,0
          -118.23318,34.05698,0
          -118.23316,34.05697,0
          -118.23188,34.05661,0
          -118.23199,34.05625,0
          -118.23208,34.05585,0
          -118.23218,34.05528,0
          -118.23221,34.05527,0
          -118.23225,34.05523,0
          -118.23225,34.05522,0
          -118.23226,34.05521,0
          -118.23231,34.05509,0
          -118.23233,34.05501,0
          -118.23195,34.05493,0
          -118.23174,34.05479,0
          -118.23147,34.05458,0
          -118.23141,34.05452,0
          -118.23128,34.05435,0
          -118.23125,34.05421,0
          -118.23125,34.05413,0
          -118.23133,34.05383,0
          -118.23134,34.05373,0
          -118.23136,34.05368,0
          -118.23138,34.05357,0
          -118.23138,34.05355,0
          -118.23141,34.05341,0
          -118.23141,34.05339,0
          -118.23146,34.05312,0
          -118.23146,34.05294,0
          -118.23135,34.05236,0
          -118.23135,34.05231,0
          -118.23136,34.05225,0
          -118.23136,34.05221,0
          -118.23144,34.05184,0
          -118.23147,34.05177,0
          -118.2317,34.05046,0
          -118.23171,34.05044,0
          -118.23179,34.04999,0
          -118.23187,34.04965,0
          -118.23191,34.04956,0
          -118.23197,34.04946,0
          -118.23205,34.04936,0
          -118.23227,34.04924,0
          -118.23232,34.04922,0
          -118.23235,34.0492,0
          -118.23246,34.0491,0
          -118.2325,34.04904,0
          -118.23252,34.04902,0
          -118.23255,34.04897,0
          -118.23258,34.04889,0
          -118.2326,34.04886,0
          -118.23265,34.04866,0
          -118.23266,34.04864,0
          -118.23271,34.04839,0
          -118.23271,34.04823,0
          -118.23272,34.04816,0
          -118.23272,34.04717,0
          -118.23265,34.04598,0
          -118.23267,34.0448,0
          -118.23262,34.04235,0
          -118.23263,34.04227,0
          -118.23263,34.04219,0
          -118.23268,34.04203,0
          -118.23274,34.04194,0
          -118.23314,34.04148,0
          -118.23313,34.0413,0
          -118.23297,34.04041,0
          -118.23272,34.03825,0
          -118.23365,34.03824,0
          -118.23371,34.03871,0
          -118.23371,34.03875,0
          -118.23373,34.03879,0
          -118.2338,34.03885,0
          -118.2338,34.03886,0
        </coordinates>
      </LineString>
    </Placemark>
    <Placemark>
      <name>START @The Wheelhouse</name>
      <styleUrl>#icon-1899-DB4436-nodesc</styleUrl>
      <Point>
        <coordinates>
          -118.2338031,34.0388555,0
        </coordinates>
      </Point>
    </Placemark>
    <Placemark>
      <name>DESTINATION with a view</name>
      <styleUrl>#icon-1899-DB4436-nodesc</styleUrl>
      <Point>
        <coordinates>
          -118.2392759,34.0830395,0
        </coordinates>
      </Point>
    </Placemark>
    <Placemark>
      <name>START @The Wheelhouse</name>
      <styleUrl>#icon-1899-DB4436-nodesc</styleUrl>
      <Point>
        <coordinates>
          -118.2338031,34.0388555,0
        </coordinates>
      </Point>
    </Placemark>
  </Document>
</kml>
